# TDA Hydrogen Analysis Results - Generated by TDA Analysis System
# Generated: 2025-07-08T02:36:42.964486
#
# === EXPERIMENT INFORMATION ===
# Experiment Name: 19-05-25 SS316L_sample(32)_300C_18hours 2025-05-20 15-20-13
# Source Folder: C:/Users/matth/OneDrive - The University of Manchester/PhD/Second year progress report/My data/TDA/19-05-25 SS316L_sample(32)_300C_18hours 2025-05-20 15-20-13
# Extraction Date: 2025-07-08T02:36:42.963487
# Operator: SYSTEM
#
# === SAMPLE PARAMETERS ===
# Sample Weight: 5.0 g
# Flow Rate: 20.0 ml/min
# Cycle Time: 5.0 minutes
#
# === DATA QUALITY SUMMARY ===
# Total Runs Attempted: 216
# Successful Runs: 216
# Failed Runs: 0
# Data Quality Score: Excellent (100.0% success rate)
#
# === CALCULATED RESULTS SUMMARY ===
# Total Hydrogen Released: 0.714868 ppm
# Maximum Evolution Rate: 0.02415511 ppm/min
# Average Evolution Rate: 0.00066191 ppm/min
# Experiment Duration: 1075.0 minutes (17.92 hours)
#
# === COLUMN DEFINITIONS ===
# Run: Sequential run number from GC analysis
# Timestamp: Date and time of measurement (MM/DD/YYYY HH:MM:SS)
# Time_minutes: Minutes elapsed from start of experiment
# Peak_Area_µVs: Raw peak area from chromatograph (µV*s)
# Peak_Height_µV: Raw peak height from chromatograph (µV)
# H_ppm_per_min: Calculated hydrogen evolution rate (ppm/min)
# H_ppm_over_cycle: Hydrogen evolved during this cycle (ppm)
# Cumulative_H_ppm: Total cumulative hydrogen evolved (ppm)
# Quality_Flags: Data quality indicators (outlier, low_signal, etc.)
#
Run,Timestamp,Time_minutes,Peak_Area_µVs,Peak_Height_µV,H_ppm_per_min,H_ppm_over_cycle,Cumulative_H_ppm,Quality_Flags
1,1747750851,0.00,279881.00000,49146.79297,0.02038019,0.10190096,0.10190096,
2,1747751171,5.00,331721.90625,58718.14062,0.02415511,0.12077555,0.22267651,
3,1747751495,10.00,266401.65625,46973.23047,0.01939866,0.09699331,0.31966982,
4,1747751819,15.00,197791.89062,33932.56250,0.01440268,0.07201341,0.39168323,
5,1747752143,20.00,137613.26562,22265.57617,0.01002063,0.05010317,0.44178639,
6,1747752465,25.00,97273.03125,14444.05859,0.00708316,0.03541582,0.47720221,
7,1747752789,30.00,70139.07812,9903.27051,0.00510734,0.02553671,0.50273892,
8,1747753113,35.00,54777.84375,7256.54932,0.00398878,0.01994389,0.52268281,
9,1747753437,40.00,44492.32812,5633.41992,0.00323981,0.01619907,0.53888188,
10,1747753761,45.00,36663.38281,4537.49023,0.00266973,0.01334865,0.55223053,
11,1747754082,50.00,30620.07617,3812.86108,0.00222967,0.01114836,0.56337889,
12,1747754406,55.00,28121.71680,3408.68896,0.00204775,0.01023874,0.57361764,
13,1747754730,60.00,24523.37305,3016.22607,0.00178573,0.00892864,0.58254627,
14,1747755054,65.00,21123.61523,2549.42822,0.00153817,0.00769083,0.59023710,
15,1747755377,70.00,18941.15820,2244.32007,0.00137924,0.00689622,0.59713332,
16,1747755701,75.00,17096.72852,2029.99548,0.00124494,0.00622469,0.60335802,
17,1747756025,80.00,13243.12695,1617.16296,0.00096433,0.00482165,0.60817966,
18,1747756349,85.00,13031.54199,1569.33008,0.00094892,0.00474461,0.61292427,
19,1747756670,90.00,12776.91504,1480.07153,0.00093038,0.00465191,0.61757618,
20,1747756994,95.00,9820.78418,1124.71570,0.00071512,0.00357562,0.62115180,
21,1747757318,100.00,9645.33594,1094.07886,0.00070235,0.00351174,0.62466354,
22,1747757641,105.00,8605.68457,1012.41089,0.00062664,0.00313322,0.62779675,
23,1747757965,110.00,8545.06055,1015.59338,0.00062223,0.00311114,0.63090790,
24,1747758289,115.00,6453.90381,771.07733,0.00046996,0.00234978,0.63325768,
25,1747758613,120.00,6604.13916,826.57416,0.00048090,0.00240448,0.63566216,
26,1747758934,125.00,5908.91992,722.85687,0.00043027,0.00215136,0.63781352,
27,1747759258,130.00,8838.47266,964.36835,0.00064359,0.00321797,0.64103149,
28,1747759582,135.00,6654.28369,815.37079,0.00048455,0.00242274,0.64345422,
29,,140.00,2.00000,0.00000,0.00000015,0.00000073,0.64345495,low_signal
30,1747760229,145.00,3548.78662,639.92413,0.00025841,0.00129207,0.64474702,
31,,150.00,2.00000,0.00000,0.00000015,0.00000073,0.64474775,low_signal
32,1747760878,155.00,4293.23828,532.91425,0.00031262,0.00156311,0.64631086,
33,1747761199,160.00,5465.33789,669.57941,0.00039797,0.00198986,0.64830071,
34,1747761523,165.00,5326.23975,628.67389,0.00038784,0.00193921,0.65023993,
35,1747761847,170.00,4276.25049,519.34033,0.00031139,0.00155693,0.65179685,
36,1747762172,175.00,4842.60303,509.06577,0.00035263,0.00176313,0.65355998,
37,,180.00,2.00000,0.00000,0.00000015,0.00000073,0.65356071,low_signal
38,1747762820,185.00,3514.81299,462.77725,0.00025594,0.00127970,0.65484041,
39,1747763143,190.00,3003.43262,408.48981,0.00021870,0.00109351,0.65593392,
40,,195.00,2.00000,0.00000,0.00000015,0.00000073,0.65593464,low_signal
41,,200.00,2.00000,0.00000,0.00000015,0.00000073,0.65593537,low_signal
42,1747764113,205.00,4096.35303,502.18625,0.00029829,0.00149143,0.65742680,
43,1747764437,210.00,2630.82227,491.71912,0.00019157,0.00095785,0.65838465,
44,1747764761,215.00,3051.83618,424.42065,0.00022223,0.00111113,0.65949578,
45,1747765085,220.00,2418.21631,429.90396,0.00017609,0.00088044,0.66037622,
46,1747765408,225.00,4050.82739,493.33121,0.00029497,0.00147485,0.66185107,
47,1747765732,230.00,2811.45801,343.41907,0.00020472,0.00102361,0.66287469,
48,1747766056,235.00,2638.65674,396.87686,0.00019214,0.00096070,0.66383539,
49,1747766379,240.00,1988.47180,314.38739,0.00014480,0.00072398,0.66455936,
50,,245.00,2.00000,0.00000,0.00000015,0.00000073,0.66456009,low_signal
51,1747767025,250.00,2253.41479,315.38800,0.00016409,0.00082044,0.66538053,
52,,255.00,2.00000,0.00000,0.00000015,0.00000073,0.66538126,low_signal
53,,260.00,2.00000,0.00000,0.00000015,0.00000073,0.66538199,low_signal
54,,265.00,2.00000,0.00000,0.00000015,0.00000073,0.66538271,low_signal
55,1747768315,270.00,3287.38696,371.55942,0.00023938,0.00119689,0.66657961,
56,1747768636,275.00,2460.00098,285.90369,0.00017913,0.00089565,0.66747526,
57,1747768957,280.00,2250.75977,310.68015,0.00016389,0.00081947,0.66829473,
58,1747769281,285.00,1689.45508,228.06677,0.00012302,0.00061511,0.66890984,
59,,290.00,2.00000,0.00000,0.00000015,0.00000073,0.66891057,low_signal
60,1747769926,295.00,2270.20728,345.47244,0.00016531,0.00082655,0.66973712,
61,,300.00,2.00000,0.00000,0.00000015,0.00000073,0.66973785,low_signal
62,,305.00,2.00000,0.00000,0.00000015,0.00000073,0.66973858,low_signal
63,1747770894,310.00,2289.29004,300.31427,0.00016670,0.00083350,0.67057208,
64,1747771219,315.00,1997.93958,287.70001,0.00014548,0.00072742,0.67129950,
65,1747771544,320.00,2482.06128,306.13461,0.00018074,0.00090369,0.67220319,
66,,325.00,2.00000,0.00000,0.00000015,0.00000073,0.67220392,low_signal
67,1747772190,330.00,2432.01538,332.26608,0.00017709,0.00088546,0.67308938,
68,,335.00,2.00000,0.00000,0.00000015,0.00000073,0.67309011,low_signal
69,,340.00,2.00000,0.00000,0.00000015,0.00000073,0.67309084,low_signal
70,1747773162,345.00,2079.74414,328.21649,0.00015144,0.00075721,0.67384805,
71,1747773485,350.00,3077.75366,410.98944,0.00022411,0.00112057,0.67496861,
72,1747773809,355.00,1326.80151,269.98813,0.00009661,0.00048307,0.67545169,
73,1747774133,360.00,1608.35645,319.09079,0.00011712,0.00058558,0.67603727,
74,,365.00,2.00000,0.00000,0.00000015,0.00000073,0.67603799,low_signal
75,1747774778,370.00,1555.70715,248.05174,0.00011328,0.00056641,0.67660441,
76,1747775100,375.00,1850.99023,303.61325,0.00013478,0.00067392,0.67727833,
77,,380.00,2.00000,0.00000,0.00000015,0.00000073,0.67727906,low_signal
78,1747775748,385.00,1951.35620,290.00797,0.00014209,0.00071046,0.67798952,
79,1747776072,390.00,1837.76709,277.92212,0.00013382,0.00066911,0.67865863,
80,,395.00,2.00000,0.00000,0.00000015,0.00000073,0.67865935,low_signal
81,,400.00,2.00000,0.00000,0.00000015,0.00000073,0.67866008,low_signal
82,1747777042,405.00,2175.60181,263.14542,0.00015842,0.00079211,0.67945219,
83,,410.00,2.00000,0.00000,0.00000015,0.00000073,0.67945292,low_signal
84,1747777686,415.00,1848.92407,250.52306,0.00013463,0.00067317,0.68012609,
85,1747778007,420.00,1301.56238,200.98103,0.00009478,0.00047388,0.68059997,
86,1747778331,425.00,921.09393,224.77899,0.00006707,0.00033536,0.68093533,
87,,430.00,2.00000,0.00000,0.00000015,0.00000073,0.68093605,low_signal
88,1747778979,435.00,1983.29114,244.80717,0.00014442,0.00072209,0.68165814,
89,1747779304,440.00,1917.90332,334.22357,0.00013966,0.00069828,0.68235643,
90,,445.00,2.00000,0.00000,0.00000015,0.00000073,0.68235716,low_signal
91,,450.00,2.00000,0.00000,0.00000015,0.00000073,0.68235788,low_signal
92,1747780278,455.00,887.71411,201.26535,0.00006464,0.00032320,0.68268109,
93,,460.00,2.00000,0.00000,0.00000015,0.00000073,0.68268182,low_signal
94,,465.00,2.00000,0.00000,0.00000015,0.00000073,0.68268255,low_signal
95,1747781251,470.00,1912.72766,245.94574,0.00013928,0.00069640,0.68337894,
96,1747781576,475.00,1509.16541,256.83478,0.00010989,0.00054947,0.68392841,
97,1747781897,480.00,1834.61511,251.23734,0.00013359,0.00066796,0.68459637,
98,,485.00,2.00000,0.00000,0.00000015,0.00000073,0.68459710,low_signal
99,,490.00,2.00000,0.00000,0.00000015,0.00000073,0.68459783,low_signal
100,1747782869,495.00,2367.98145,278.25269,0.00017243,0.00086215,0.68545998,
101,1747783193,500.00,1349.85120,271.01968,0.00009829,0.00049146,0.68595144,
102,,505.00,2.00000,0.00000,0.00000015,0.00000073,0.68595217,low_signal
103,1747783835,510.00,1805.48804,244.08022,0.00013147,0.00065735,0.68660952,
104,1747784159,515.00,1551.80933,223.96765,0.00011300,0.00056499,0.68717452,
105,,520.00,2.00000,0.00000,0.00000015,0.00000073,0.68717524,low_signal
106,1747784801,525.00,1922.40771,250.95694,0.00013998,0.00069992,0.68787517,
107,,530.00,2.00000,0.00000,0.00000015,0.00000073,0.68787590,low_signal
108,,535.00,2.00000,0.00000,0.00000015,0.00000073,0.68787662,low_signal
109,1747785771,540.00,2490.58862,293.37891,0.00018136,0.00090679,0.68878341,
110,,545.00,2.00000,0.00000,0.00000015,0.00000073,0.68878414,low_signal
111,1747786419,550.00,1287.41772,235.66843,0.00009375,0.00046873,0.68925287,
112,,555.00,2.00000,0.00000,0.00000015,0.00000073,0.68925360,low_signal
113,,560.00,2.00000,0.00000,0.00000015,0.00000073,0.68925433,low_signal
114,1747787387,565.00,2236.09912,295.00739,0.00016283,0.00081413,0.69006846,
115,,570.00,2.00000,0.00000,0.00000015,0.00000073,0.69006919,low_signal
116,,575.00,2.00000,0.00000,0.00000015,0.00000073,0.69006992,low_signal
117,1747788352,580.00,3740.59814,367.07147,0.00027238,0.00136190,0.69143182,
118,1747788675,585.00,1402.75879,252.48105,0.00010215,0.00051073,0.69194255,
119,1747788996,590.00,780.93701,210.46901,0.00005687,0.00028433,0.69222688,
120,1747789317,595.00,1621.60791,249.12941,0.00011808,0.00059041,0.69281728,
121,1747789638,600.00,2280.92896,286.28430,0.00016609,0.00083046,0.69364774,
122,,605.00,2.00000,0.00000,0.00000015,0.00000073,0.69364847,low_signal
123,1747790281,610.00,1759.19617,270.76590,0.00012810,0.00064050,0.69428897,
124,,615.00,2.00000,0.00000,0.00000015,0.00000073,0.69428970,low_signal
125,1747790928,620.00,1905.91089,222.99258,0.00013878,0.00069392,0.69498361,
126,,625.00,2.00000,0.00000,0.00000015,0.00000073,0.69498434,low_signal
127,1747791574,630.00,1849.65881,259.66074,0.00013469,0.00067344,0.69565778,
128,1747791898,635.00,3256.96802,360.78391,0.00023716,0.00118582,0.69684360,
129,,640.00,2.00000,0.00000,0.00000015,0.00000073,0.69684432,low_signal
130,1747792543,645.00,1454.31860,232.87158,0.00010590,0.00052950,0.69737382,
131,1747792867,650.00,1389.19934,227.54047,0.00010116,0.00050579,0.69787961,
132,,655.00,2.00000,0.00000,0.00000015,0.00000073,0.69788034,low_signal
133,1747793515,660.00,2206.46509,263.38739,0.00016067,0.00080334,0.69868368,
134,1747793839,665.00,2397.00146,227.13972,0.00017454,0.00087272,0.69955640,
135,,670.00,2.00000,0.00000,0.00000015,0.00000073,0.69955713,low_signal
136,,675.00,2.00000,0.00000,0.00000015,0.00000073,0.69955786,low_signal
137,,680.00,2.00000,0.00000,0.00000015,0.00000073,0.69955859,low_signal
138,,685.00,2.00000,0.00000,0.00000015,0.00000073,0.69955931,low_signal
139,,690.00,2.00000,0.00000,0.00000015,0.00000073,0.69956004,low_signal
140,,695.00,2.00000,0.00000,0.00000015,0.00000073,0.69956077,low_signal
141,,700.00,2.00000,0.00000,0.00000015,0.00000073,0.69956150,low_signal
142,,705.00,2.00000,0.00000,0.00000015,0.00000073,0.69956223,low_signal
143,1747796745,710.00,2339.60474,262.79514,0.00017036,0.00085182,0.70041405,
144,1747797070,715.00,2157.34082,263.30991,0.00015709,0.00078546,0.70119950,
145,,720.00,2.00000,0.00000,0.00000015,0.00000073,0.70120023,low_signal
146,1747797718,725.00,2358.15381,345.32486,0.00017171,0.00085857,0.70205881,
147,,730.00,2.00000,0.00000,0.00000015,0.00000073,0.70205953,low_signal
148,,735.00,2.00000,0.00000,0.00000015,0.00000073,0.70206026,low_signal
149,,740.00,2.00000,0.00000,0.00000015,0.00000073,0.70206099,low_signal
150,1747799008,745.00,2618.01416,351.42786,0.00019064,0.00095318,0.70301417,
151,,750.00,2.00000,0.00000,0.00000015,0.00000073,0.70301490,low_signal
152,,755.00,2.00000,0.00000,0.00000015,0.00000073,0.70301563,low_signal
153,1747799978,760.00,1302.01233,221.51462,0.00009481,0.00047405,0.70348968,
154,,765.00,2.00000,0.00000,0.00000015,0.00000073,0.70349040,low_signal
155,,770.00,2.00000,0.00000,0.00000015,0.00000073,0.70349113,low_signal
156,,775.00,2.00000,0.00000,0.00000015,0.00000073,0.70349186,low_signal
157,1747801269,780.00,1468.96008,212.87242,0.00010697,0.00053483,0.70402669,
158,1747801593,785.00,1613.13257,216.85657,0.00011746,0.00058732,0.70461401,
159,,790.00,2.00000,0.00000,0.00000015,0.00000073,0.70461474,low_signal
160,1747802238,795.00,1041.28577,235.19194,0.00007582,0.00037912,0.70499386,
161,1747802561,800.00,3275.10693,387.61755,0.00023848,0.00119242,0.70618628,
162,,805.00,2.00000,0.00000,0.00000015,0.00000073,0.70618701,low_signal
163,,810.00,2.00000,0.00000,0.00000015,0.00000073,0.70618774,low_signal
164,1747803524,815.00,1327.48499,275.18295,0.00009666,0.00048332,0.70667105,
165,1747803848,820.00,1934.93127,201.93971,0.00014090,0.00070448,0.70737554,
166,,825.00,2.00000,0.00000,0.00000015,0.00000073,0.70737627,low_signal
167,,830.00,2.00000,0.00000,0.00000015,0.00000073,0.70737699,low_signal
168,,835.00,2.00000,0.00000,0.00000015,0.00000073,0.70737772,low_signal
169,,840.00,2.00000,0.00000,0.00000015,0.00000073,0.70737845,low_signal
170,,845.00,2.00000,0.00000,0.00000015,0.00000073,0.70737918,low_signal
171,,850.00,2.00000,0.00000,0.00000015,0.00000073,0.70737991,low_signal
172,1747806103,855.00,1157.03320,255.50571,0.00008425,0.00042126,0.70780117,
173,1747806424,860.00,894.07617,203.42625,0.00006510,0.00032552,0.70812669,
174,,865.00,2.00000,0.00000,0.00000015,0.00000073,0.70812742,low_signal
175,1747807069,870.00,1774.94812,286.79041,0.00012925,0.00064624,0.70877365,
176,,875.00,2.00000,0.00000,0.00000015,0.00000073,0.70877438,low_signal
177,,880.00,2.00000,0.00000,0.00000015,0.00000073,0.70877511,low_signal
178,,885.00,2.00000,0.00000,0.00000015,0.00000073,0.70877584,low_signal
179,,890.00,2.00000,0.00000,0.00000015,0.00000073,0.70877656,low_signal
180,1747808687,895.00,1311.36597,269.83084,0.00009549,0.00047745,0.70925402,
181,,900.00,2.00000,0.00000,0.00000015,0.00000073,0.70925474,low_signal
182,,905.00,2.00000,0.00000,0.00000015,0.00000073,0.70925547,low_signal
183,,910.00,2.00000,0.00000,0.00000015,0.00000073,0.70925620,low_signal
184,,915.00,2.00000,0.00000,0.00000015,0.00000073,0.70925693,low_signal
185,,920.00,2.00000,0.00000,0.00000015,0.00000073,0.70925766,low_signal
186,1747810629,925.00,1547.24963,220.55188,0.00011267,0.00056333,0.70982099,
187,,930.00,2.00000,0.00000,0.00000015,0.00000073,0.70982172,low_signal
188,1747811275,935.00,2817.98706,343.28540,0.00020520,0.00102599,0.71084771,
189,1747811599,940.00,1827.17786,268.53854,0.00013305,0.00066525,0.71151296,
190,,945.00,2.00000,0.00000,0.00000015,0.00000073,0.71151369,low_signal
191,,950.00,2.00000,0.00000,0.00000015,0.00000073,0.71151442,low_signal
192,,955.00,2.00000,0.00000,0.00000015,0.00000073,0.71151514,low_signal
193,,960.00,2.00000,0.00000,0.00000015,0.00000073,0.71151587,low_signal
194,,965.00,2.00000,0.00000,0.00000015,0.00000073,0.71151660,low_signal
195,,970.00,2.00000,0.00000,0.00000015,0.00000073,0.71151733,low_signal
196,,975.00,2.00000,0.00000,0.00000015,0.00000073,0.71151806,low_signal
197,1747814182,980.00,2101.18726,293.97876,0.00015300,0.00076501,0.71228307,
198,,985.00,2.00000,0.00000,0.00000015,0.00000073,0.71228380,low_signal
199,,990.00,2.00000,0.00000,0.00000015,0.00000073,0.71228453,low_signal
200,,995.00,2.00000,0.00000,0.00000015,0.00000073,0.71228526,low_signal
201,1747815475,1000.00,2412.40796,315.26627,0.00017567,0.00087833,0.71316358,
202,,1005.00,2.00000,0.00000,0.00000015,0.00000073,0.71316431,low_signal
203,,1010.00,2.00000,0.00000,0.00000015,0.00000073,0.71316504,low_signal
204,,1015.00,2.00000,0.00000,0.00000015,0.00000073,0.71316577,low_signal
205,,1020.00,2.00000,0.00000,0.00000015,0.00000073,0.71316649,low_signal
206,1747817090,1025.00,1216.74329,214.00545,0.00008860,0.00044300,0.71360950,
207,,1030.00,2.00000,0.00000,0.00000015,0.00000073,0.71361022,low_signal
208,,1035.00,2.00000,0.00000,0.00000015,0.00000073,0.71361095,low_signal
209,1747818058,1040.00,1823.45728,267.86456,0.00013278,0.00066390,0.71427485,
210,,1045.00,2.00000,0.00000,0.00000015,0.00000073,0.71427558,low_signal
211,,1050.00,2.00000,0.00000,0.00000015,0.00000073,0.71427630,low_signal
212,,1055.00,2.00000,0.00000,0.00000015,0.00000073,0.71427703,low_signal
213,,1060.00,2.00000,0.00000,0.00000015,0.00000073,0.71427776,low_signal
214,,1065.00,2.00000,0.00000,0.00000015,0.00000073,0.71427849,low_signal
215,,1070.00,2.00000,0.00000,0.00000015,0.00000073,0.71427922,low_signal
216,1747820320,1075.00,1616.96204,218.13776,0.00011774,0.00058871,0.71486793,
